CENSUS YEAR|TRACT|BLOCK GROUP|FIPS ID|TOTAL POPULATION|POPULATION WHITE|POPULATION BLACK|POPULATION ASIAN|POPULATION OTHER|POPULATION AMERICAN INDIAN|POPULATION PACIFIC ISLANDER|POPULATION ONE RACE|POPULATION MULTI RACE|POPULATION 25 OLDER|MEDIAN AGE|MEDIAN HOUSEHOLD INCOME|HIGH SCHOOL MALE|HIGH SCHOOL MORE MALE|COLLEGE 1 YR LESS MALE|COLLEGE 1 YR MORE MALE|ASSOCIATES DEGREE MALE|BACHELORS DEGREE MALE|MASTERS DEGREE MALE|PROFESSIONAL DEGREE MALE|DOCTORAL DEGREE MALE|HIGH SCHOOL FEMALE|HIGH SCHOOL MORE FEMALE|COLLEGE 1 YR LESS FEMALE|COLLEGE 1 YR MORE FEMALE|ASSOCIATES DEGREE FEMALE|BACHELORS DEGREE FEMALE|MASTERS DEGREE FEMALE|PROFESSIONAL DEGREE FEMALE|DOCTORAL DEGREE FEMALE|PERCENT 25 YR OVER HIGH SCHOOL MORE|HOUSING UNITS|OCCUPIED HOUSING UNITS|OWNER OCCUPIED HOUSING|RENTER OCCUPIED HOUSING|PERCENT OWNER OCCUPIED|PERCENT RENTER OCCUPIED|MEDIAN HOUSE VALUE OWNER OCCUPIED|MEDIAN YEAR BUILT|VACANCY RATES
2010|1|1|220330001001|1624|73|1529|3|3|0|0|1608|16|893|28.4|28300|170|101|10|44|7|40|0|0|0|107|324|22|171|78|37|16|0|0|43.38%|585|498|669|1111|37.58%|62.42%|$67800.00|1969|14.87%
2010|2|1|220330002001|1171|112|1039|0|11|0|0|1162|9|683|31.7|32810|118|31|0|18|0|0|13|0|0|42|112|0|0|0|99|13|0|0|28.35%|550|439|518|701|42.49%|57.51%|$58300.00|1966|20.18%
2010|2|2|220330002002|1284|63|1209|5|0|1|0|1278|6|632|24.4|30641|128|26|0|26|0|0|0|0|0|343|143|50|75|0|18|0|0|0|16.29%|534|511|841|742|53.13%|46.87%|$103300.00|1960|4.31%
2010|2|3|220330002003|906|37|854|0|4|1|0|896|10|578|39.700000000000003|30875|83|66|0|0|0|33|0|0|33|144|184|10|117|0|57|0|0|0|35.54%|433|381|485|472|50.68%|49.32%|$104700.00|1970|12.01%
2010|2|4|220330002004|1078|50|1009|0|1|2|0|1062|16|521|23.8|21392|62|45|12|33|0|0|0|0|0|21|116|50|34|18|0|14|0|0|33.659999999999997%|289|289|165|720|18.64%|81.36%|$59300.00|1972|0%
2010|2|5|220330002005|1078|61|996|2|7|3|0|1069|9|590|28.3|36833|48|158|65|0|34|59|0|0|0|113|114|0|35|0|79|0|0|0|49.74%|392|372|771|496|60.85%|39.15%|$79800.00|1959|5.1%
2010|2|6|220330002006|1233|96|1101|1|2|4|4|1208|25|744|32.299999999999997|36994|106|172|0|114|26|32|0|0|0|114|169|15|58|83|0|13|0|0|50.13%|527|505|675|482|58.34%|41.66%|$76100.00|1967|4.17%
2010|3|1|220330003001|1795|94|1677|1|5|6|0|1783|12|1050|30.8|32500|249|123|52|53|0|18|0|0|0|254|119|33|58|0|12|16|0|0|25.86%|685|590|1087|448|70.81%|29.19%|$73800.00|1955|13.87%
2010|4|1|220330004001|1300|111|1168|4|1|3|0|1287|13|751|30.4|27903|72|91|0|52|17|22|0|0|0|264|162|0|58|54|39|11|0|0|31.39%|429|412|780|597|56.64%|43.36%|$68800.00|1964|3.96%
2010|4|2|220330004002|979|44|929|0|0|1|0|974|5|549|30|42909|181|74|23|32|11|8|0|0|0|160|134|46|53|29|6|0|0|0|31.18%|455|405|765|469|61.99%|38.01%|$82900.00|1964|10.99%
2010|4|3|220330004003|803|48|740|2|6|2|0|798|5|471|30.7|20508|39|12|12|0|0|0|0|0|0|77|83|11|62|10|0|0|0|0|33.450000000000003%|211|181|173|373|31.68%|68.319999999999993%|$64000.00|1968|14.22%
2010|5|1|220330005001|1610|42|1560|0|1|0|0|1603|7|977|32.5|22241|128|74|0|69|0|5|0|0|0|105|215|19|148|13|35|0|0|0|32.520000000000003%|559|452|530|709|42.78%|57.22%|$75100.00|1954|19.14%
2010|5|2|220330005002|983|25|933|7|0|1|0|966|17|540|28.6|20398|78|59|7|32|19|0|1|0|0|118|118|13|75|0|30|0|0|0|31.96%|423|401|282|1264|18.239999999999998%|81.760000000000005%|$53000.00|1953|5.2%
2010|5|3|220330005003|1559|46|1499|2|3|3|0|1553|6|911|30.8|16250|158|63|23|27|13|0|0|0|0|140|211|18|144|32|17|0|0|0|27.93%|724|624|377|1524|19.829999999999998%|80.17%|$69800.00|1955|13.81%
2010|6.01|1|220330006011|1238|25|1194|4|5|1|0|1229|9|685|28.7|20769|64|12|12|0|0|0|0|0|0|105|243|75|117|9|18|24|0|0|28.82%|424|402|446|966|31.59%|68.41%|$68300.00|1969|5.19%
2010|6.01|2|220330006012|1340|59|1264|0|0|2|0|1325|15|821|34.200000000000003|32121|208|39|0|0|9|30|0|0|0|182|223|8|105|65|18|27|0|0|31.05%|589|491|694|565|55.12%|44.88%|$74700.00|1959|16.64%
2010|6.01|3|220330006013|1067|36|1021|0|1|3|0|1061|6|573|27.2|29271|43|33|0|25|0|0|8|0|0|128|45|24|0|10|0|11|0|0|24.12%|394|299|376|552|40.520000000000003%|59.48%|$79900.00|1958|24.11%
2010|6.02|1|220330006021|853|26|813|0|7|0|0|846|7|487|29.3|20188|9|21|10|11|0|0|0|0|0|54|148|27|84|7|22|8|0|0|41.55%|277|254|226|593|27.59%|72.41%|$63700.00|1950|8.300000000000001%
2010|6.02|2|220330006022|855|16|823|0|2|3|0|844|11|497|31.3|29073|165|37|0|27|0|10|0|0|0|56|156|47|95|14|0|0|0|0|28.9%|355|355|249|689|26.55%|73.45%|$69500.00|1963|0%
2010|6.02|3|220330006023|628|10|612|0|0|2|0|624|4|425|42.8|16611|89|20|0|12|8|0|0|0|0|81|90|30|60|0|0|0|0|0|24.4%|318|284|202|260|43.72%|56.28%|$62800.00|1967|10.69%
2010|6.02|4|220330006024|1045|10|1027|0|4|0|0|1041|4|680|37.200000000000003|33958|143|39|0|39|0|0|0|0|0|219|84|22|8|0|11|29|14|0|16.18%|305|305|719|241|74.900000000000006%|25.1%|$78200.00|1957|0%
2010|6.02|5|220330006025|894|2|870|1|1|3|0|877|17|619|43.3|40324|179|91|9|38|0|44|0|0|0|138|171|26|91|29|8|17|0|0|39.25%|474|393|918|271|77.209999999999994%|22.79%|$82300.00|1958|17.09%
2010|7.01|1|220330007011|1517|141|1262|28|61|1|4|1497|20|874|28.7|23984|241|139|30|36|34|27|0|6|6|181|134|29|79|19|0|7|0|0|30.99%|612|539|523|1014|34.03%|65.97%|$97900.00|1970|11.93%
2010|7.01|2|220330007012|916|47|860|6|1|2|0|916|0|529|32.1|47750|113|98|11|46|0|34|0|0|7|120|207|17|47|72|64|7|0|0|46.27%|345|317|683|251|73.13%|26.87%|$87000.00|1961|8.119999999999999%
2010|7.02|1|220330007021|1452|79|1289|50|6|1|0|1425|27|884|30.9|27500|111|207|34|140|15|18|0|0|0|126|196|0|115|5|71|5|0|0|58.91%|492|472|564|511|52.47%|47.53%|$83200.00|1966|4.07%
2010|7.02|2|220330007022|1336|27|1301|0|0|0|0|1328|8|791|30.4|28200|82|215|0|125|19|34|37|0|0|155|310|9|191|0|47|63|0|0|64.569999999999993%|732|650|559|756|42.51%|57.49%|$98600.00|1967|11.2%
2010|7.02|3|220330007023|806|37|762|1|2|1|0|803|3|456|31.1|26172|126|23|0|18|0|5|0|0|0|52|156|0|54|36|59|7|0|0|28.91%|309|270|326|570|36.380000000000003%|63.62%|$47100.00|1959|12.62%
2010|9|1|220330009001|791|3|781|1|3|0|0|788|3|525|41.2|33269|42|43|0|29|0|14|0|0|0|85|137|19|16|51|46|5|0|0|40.11%|303|246|328|285|53.51%|46.49%|$85700.00|1959|18.809999999999999%
2010|9|2|220330009002|656|1|647|0|2|0|0|650|6|370|30.1|31250|188|72|0|33|0|24|15|0|0|90|93|0|60|0|0|21|12|0|29.53%|260|226|568|138|80.45%|19.55%|$86000.00|1948|13.08%
2010|9|3|220330009003|1177|26|1140|0|0|6|0|1172|5|726|36|26774|79|188|30|57|72|29|0|0|0|124|295|51|118|0|89|37|0|0|50.99%|566|450|532|1292|29.17%|70.83%|$77400.00|1963|20.49%
2010|9|4|220330009004|568|1|558|0|3|1|0|563|5|398|42.4|45000|77|88|29|0|32|15|0|12|0|26|91|0|22|0|9|60|0|0|49.61%|172|172|389|13|96.77%|3.23%|$84500.00|1961|0%
2010|9|5|220330009005|1047|12|1017|0|0|10|0|1039|8|691|38.799999999999997|20362|200|112|33|62|17|0|0|0|0|83|101|9|65|27|0|0|0|0|27.92%|496|401|450|562|44.47%|55.53%|$56800.00|1951|19.149999999999999%
2010|10|1|220330010001|810|1|799|0|3|1|0|804|6|506|36.1|31806|32|55|24|0|0|8|23|0|0|69|89|0|66|0|11|8|4|0|32.36%|277|255|300|481|38.409999999999997%|61.59%|$45300.00|1968|7.94%
2010|10|2|220330010002|669|2|659|0|2|0|0|663|6|441|36.799999999999997|25521|115|23|0|0|0|15|8|0|0|92|48|0|17|0|22|9|0|0|16.21%|242|242|406|283|58.93%|41.07%|$49700.00|1952|0%
2010|10|3|220330010003|479|2|473|0|0|1|0|476|3|340|38.9|14953|103|42|20|22|0|0|0|0|0|81|69|0|37|12|20|0|0|0|25.86%|281|234|266|369|41.89%|58.11%|$31900.00|1953|16.73%
2010|10|4|220330010004|496|2|485|2|0|0|0|489|7|310|34.200000000000003|21813|57|67|0|67|0|0|0|0|0|67|45|5|34|0|6|0|0|0|32.19%|242|199|307|132|69.930000000000007%|30.07%|$60600.00|1962|17.77%
2010|10|5|220330010005|1073|8|1049|1|0|2|1|1061|12|694|34|24609|162|119|24|47|0|18|30|0|0|179|104|41|8|0|55|0|0|0|29.75%|563|501|448|740|37.71%|62.29%|$34800.00|1961|11.01%
2010|11.02|1|220330011021|1404|12|1378|2|1|0|0|1393|11|641|23.7|17982|93|68|0|42|26|0|0|0|0|139|158|34|65|19|30|10|0|0|35.03%|714|622|19|1177|1.59%|98.41%||1975|12.89%
2010|11.02|2|220330011022|1984|717|1113|108|16|4|0|1958|26|1530|49.6|32888|205|281|18|116|22|73|28|0|24|179|569|36|191|30|168|123|21|0|53.36%|1061|929|688|1191|36.619999999999997%|63.38%|$154400.00|1972|12.44%
2010|11.03|1|220330011031|1036|23|1010|0|1|0|0|1034|2|616|32.5|21757|151|73|7|66|0|0|0|0|0|99|169|39|83|22|25|0|0|0|36.17%|412|390|614|406|60.2%|39.799999999999997%|$79300.00|1955|5.34%
2010|11.03|2|220330011032|2245|257|1945|11|8|4|0|2225|20|1149|25.6|28345|77|164|11|52|55|37|9|0|0|259|315|37|152|39|27|30|0|30|43.11%|924|780|855|1136|42.94%|57.06%|$128700.00|1975|15.58%
2010|11.04|1|220330011041|1853|35|1794|1|13|2|0|1845|8|969|26|25313|179|159|48|91|0|10|10|0|0|173|249|83|93|27|26|20|0|0|37.880000000000003%|843|661|136|1558|8.029999999999999%|91.97%|$59200.00|1979|21.59%
2010|11.04|2|220330011042|1402|75|1279|0|36|0|0|1390|12|696|24.8|17016|75|56|0|13|19|24|0|0|0|75|144|30|82|0|17|15|0|0|38.409999999999997%|566|406|0|1040|0%|100%||1976|28.27%
2010|11.04|3|220330011043|1175|98|987|4|53|0|16|1158|17|663|28.1|15389|19|69|14|36|0|10|9|0|0|194|101|0|93|0|8|0|0|0|42.97%|754|563|0|1252|0%|100%||1976|25.33%
2010|16|1|220330016001|891|48|828|2|4|0|0|882|9|547|33.299999999999997|21057|83|79|55|13|11|0|0|0|0|86|124|11|84|0|8|21|0|0|37.9%|359|287|322|299|51.85%|48.15%|$57900.00|1953|20.059999999999999%
2010|16|2|220330016002|1017|355|627|5|9|3|2|1001|16|697|34.700000000000003|41349|55|260|7|49|19|141|30|6|8|136|241|24|51|8|91|52|6|9|64.67%|577|577|538|669|44.57%|55.43%|$163000.00|1948|0%
2010|16|3|220330016003|754|677|52|11|1|1|0|742|12|544|34.9|66607|7|325|0|52|10|185|47|14|17|0|262|0|23|0|113|70|26|30|97.83%|393|393|484|300|61.73%|38.270000000000003%|$308600.00|1944|0%
2010|16|4|220330016004|853|589|215|11|10|8|1|834|19|596|29.7|37917|66|269|10|95|33|79|43|0|9|23|308|26|68|16|153|39|6|0|81.06%|539|495|255|665|27.72%|72.28%|$96200.00|1949|8.16%
2010|17|1|220330017001|1595|1548|25|8|2|2|0|1585|10|1116|41.2|130234|39|497|19|54|0|207|99|70|48|99|551|42|43|32|174|76|117|67|88.75%|608|575|1599|58|96.5%|3.5%|$309200.00|1952|5.43%
2010|17|2|220330017002|1560|405|1116|6|8|4|0|1539|21|1200|43.8|17863|169|200|37|46|0|95|11|11|0|159|370|13|124|36|78|95|13|11|44.17%|867|796|471|818|36.54%|63.46%|$96800.00|1971|8.19%
2010|17|3|220330017003|885|441|424|8|3|2|0|878|7|657|37.6|44595|95|228|0|65|10|120|33|0|0|25|185|3|54|0|120|0|8|0|72.39%|527|336|67|512|11.57%|88.43%|$228800.00|1970|36.24%
2010|17|4|220330017004|1092|1001|56|18|3|4|0|1082|10|824|33.6|58047|66|260|38|52|0|124|46|0|0|97|290|31|10|31|144|32|34|8|72.5%|608|575|627|463|57.52%|42.48%|$192500.00|1952|5.43%
2010|18|1|220330018001|895|691|180|10|6|3|0|890|5|690|41.7|44479|45|193|6|31|6|106|38|6|0|64|348|8|55|10|221|40|14|0|77.900000000000006%|521|448|704|190|78.75%|21.25%|$136500.00|1969|14.01%
2010|18|2|220330018002|1660|876|601|37|97|5|0|1616|44|1110|33.9|43226|44|300|29|109|32|84|15|0|31|100|314|22|125|0|72|85|10|0|48.82%|847|772|492|1266|27.99%|72.010000000000005%|$147200.00|1968|8.85%
2010|19|1|220330019001|944|897|27|6|1|3|0|934|10|682|43.9|85233|13|292|24|51|0|79|48|84|6|43|251|17|51|9|120|54|0|0|88.31%|425|380|879|26|97.13%|2.87%|$252900.00|1954|10.59%
2010|19|2|220330019002|575|559|7|6|0|0|0|572|3|416|46.5|165329|19|205|8|13|0|67|0|106|11|33|230|20|27|0|79|76|20|8|86.61%|276|267|577|15|97.47%|2.53%|$331800.00|1957|3.26%
2010|19|3|220330019003|1004|775|165|44|1|5|0|990|14|778|34|-999999|18|269|15|37|49|130|17|13|8|27|328|0|75|28|148|69|8|0|93.06%|543|475|321|465|40.840000000000003%|59.16%|$201900.00|1964|12.52%
2010|20|1|220330020001|1741|1484|159|79|5|2|5|1734|7|1278|48.1|65326|136|517|38|152|0|207|22|69|29|172|542|68|103|33|213|112|13|0|75.040000000000006%|736|736|1660|128|92.84%|7.16%|$221900.00|1970|0%
2010|20|2|220330020002|1694|1549|68|48|7|3|0|1675|19|1255|43.3|54797|94|450|13|79|21|184|43|81|29|185|551|35|102|9|280|80|29|16|77.83%|821|763|1587|225|87.58%|12.42%|$219800.00|1974|7.06%
2010|22|1|220330022001|733|178|532|0|6|5|0|721|12|459|31.4|25208|95|42|0|9|20|13|0|0|0|56|137|5|69|19|33|11|0|0|44.73%|411|285|234|382|37.99%|62.01%|$82600.00|1956|30.66%
2010|22|2|220330022002|713|23|684|2|2|0|0|711|2|438|33.4|24153|95|33|0|6|12|0|0|0|15|91|39|0|10|0|20|9|0|0|20.56%|362|271|213|319|40.04%|59.96%|$55000.00|1953|25.14%
2010|23|1|220330023001|763|706|41|2|3|0|0|752|11|550|38.799999999999997|100938|21|273|22|73|9|39|61|0|69|7|291|8|109|0|89|64|21|0|89.05%|383|340|682|58|92.16%|7.84%|$198200.00|1949|11.23%
2010|23|2|220330023002|740|705|21|9|3|0|0|738|2|520|37.200000000000003|115306|0|420|0|36|25|181|65|27|86|18|328|10|51|0|112|49|67|39|97.4%|523|466|977|208|82.45%|17.55%|$285000.00|1946|10.9%
2010|23|3|220330023003|1273|1205|30|3|19|2|0|1259|14|925|36.799999999999997|80417|18|472|9|96|0|244|67|26|30|39|259|5|53|14|69|67|35|16|90.21%|499|499|558|397|58.43%|41.57%|$266600.00|1951|0%
2010|24|1|220330024001|1470|488|764|84|72|9|0|1417|53|843|27.7|21118|29|138|19|1|65|25|15|5|8|51|152|48|31|22|16|35|0|0|55.21%|838|560|219|1159|15.89%|84.11%|$175000.00|1973|33.17%
2010|24|2|220330024002|1212|141|1022|21|17|1|0|1202|10|818|36.4|15586|101|254|12|166|0|22|42|12|0|164|121|0|62|0|40|19|0|0|43.14%|607|530|482|598|44.63%|55.37%|$214000.00|1965|12.69%
2010|25|1|220330025001|674|13|656|0|1|2|0|672|2|433|37.6|21143|71|110|0|55|40|7|0|0|8|97|124|17|79|0|14|14|0|0|45.23%|330|284|338|460|42.36%|57.64%|$62400.00|1954|13.94%
2010|25|2|220330025002|638|4|632|0|1|0|0|637|1|381|33.6|19496|10|94|49|39|0|6|0|0|0|145|135|14|90|0|8|23|0|0|41.35%|415|343|317|419|43.07%|56.93%|$60800.00|1953|17.350000000000001%
2010|25|3|220330025003|468|4|447|3|1|7|0|462|6|302|35.700000000000003|21563|90|19|0|7|12|0|0|0|0|81|103|55|19|16|0|13|0|0|31.53%|222|184|221|314|41.31%|58.69%|$75500.00|1964|17.12%
2010|25|4|220330025004|1724|1288|257|106|19|10|0|1680|44|525|22|12500|18|276|0|12|0|161|49|32|22|42|168|8|9|0|77|66|0|8|85.65%|823|646|253|1234|17.010000000000002%|82.99%|$144300.00|1972|21.51%
2010|26.01|1|220330026011|1539|1371|106|23|15|2|1|1518|21|1099|36.6|54107|52|446|13|118|0|169|48|76|22|41|428|19|71|11|176|87|48|16|87.32%|851|711|892|596|59.95%|40.049999999999997%|$279100.00|1953|16.45%
2010|26.01|2|220330026012|2283|2138|47|41|9|3|2|2240|43|1494|33.6|62172|38|593|9|37|16|285|122|30|94|24|654|65|83|6|283|125|15|77|94.42%|1015|890|1258|757|62.43%|37.57%|$299300.00|1957|12.32%
2010|26.02|1|220330026021|645|616|11|8|3|1|0|639|6|480|40.1|56023|0|191|15|44|0|59|47|14|12|44|209|34|15|34|85|23|0|18|91.3%|343|307|422|163|72.14%|27.86%|$230700.00|1962|10.5%
2010|26.02|2|220330026022|1683|1604|19|41|11|1|0|1676|7|1125|45.4|131462|12|584|8|32|42|241|92|123|46|102|506|8|37|43|242|104|72|0|89.66%|677|654|1597|201|88.82%|11.18%|$363200.00|1971|3.4%
2010|26.02|3|220330026023|1588|689|803|47|22|1|0|1562|26|999|28.5|53060|84|260|35|63|0|61|71|6|24|124|347|29|31|41|167|47|22|10|72.39%|986|757|259|1142|18.489999999999998%|81.510000000000005%|$194200.00|1993|23.23%
2010|27|1|220330027001|805|498|286|5|0|1|4|794|11|539|39.1|75688|62|131|2|27|16|65|11|1|9|77|179|16|31|0|90|20|6|16|61.39%|269|239|617|87|87.64%|12.36%|$281600.00|1958|11.15%
2010|27|2|220330027002|816|19|780|0|2|3|0|804|12|517|35.4|16101|51|74|35|39|0|0|0|0|0|136|68|12|27|0|5|24|0|0|27.84%|408|359|538|327|62.2%|37.799999999999997%|$79700.00|1958|12.01%
2010|28.01|1|220330028011|2011|597|257|1049|56|5|2|1966|45|1090|25.6|35169|7|433|0|10|0|159|197|0|67|8|338|0|20|10|130|155|0|23|97.39%|831|617|18|1272|1.4%|98.6%||1961|25.75%
2010|28.01|2|220330028012|1460|856|168|360|37|4|2|1427|33|544|22.4|15603|78|218|52|0|17|48|76|16|9|13|130|0|0|10|41|79|0|0|75.61%|748|550|91|1142|7.38%|92.62%||1981|26.47%
2010|28.02|1|220330028021|1955|1600|152|137|13|3|1|1906|49|277|19.600000000000001|16023|6|129|0|7|0|15|29|44|34|7|64|0|0|12|17|35|0|0|92.85%|356|276|13|382|3.29%|96.71%||1969|22.47%
2010|28.02|2|220330028022|2156|1932|133|36|12|1|0|2114|42|274|21|20132|4|74|0|0|7|37|30|0|0|7|60|0|28|11|21|0|0|0|73.98%|377|252|62|641|8.82%|91.18%|$172900.00|1970|33.159999999999997%
2010|30|1|220330030001|780|7|762|2|1|1|0|773|7|369|23.8|24306|24|105|0|67|0|29|9|0|0|97|60|0|38|0|0|0|0|22|39.57%|384|331|95|836|10.199999999999999%|89.8%|$177800.00|1964|13.8%
2010|30|2|220330030002|573|1|563|6|0|3|0|573|0|401|44.1|68889|48|141|31|52|0|50|0|8|0|66|130|0|44|23|21|42|0|0|64.62%|196|196|474|37|92.76%|7.24%|$106100.00|1973|0%
2010|30|3|220330030003|2125|31|2054|2|6|5|0|2098|27|342|20.3|24138|42|20|6|8|0|6|0|0|0|73|122|0|86|0|26|10|0|0|41.52%|144|118|262|103|71.78%|28.22%|$77900.00|1970|18.059999999999999%
2010|30|4|220330030004|1280|5|1251|0|0|0|0|1256|24|666|26.1|14142|66|65|16|12|10|0|27|0|0|187|150|28|52|33|31|6|0|0|27.9%|579|526|505|1037|32.75%|67.25%|$68500.00|1966|9.15%
2010|31.01|1|220330031011|1010|4|1001|0|0|2|0|1007|3|430|20.399999999999999|18924|62|97|36|23|0|38|0|0|0|147|76|8|57|0|11|0|0|0|29.76%|443|367|184|1093|14.41%|85.59%|$89400.00|1970|17.16%
2010|31.01|2|220330031012|551|0|547|0|0|0|0|547|4|419|54.4|39375|23|137|0|60|18|29|11|11|8|54|144|0|26|0|19|86|13|0|72.42%|237|194|417|17|96.08%|3.92%|$108000.00|1965|18.14%
2010|31.01|3|220330031013|795|1|784|0|0|2|0|787|8|441|29.1|15000|169|47|0|47|0|0|0|0|0|134|147|36|57|30|16|8|0|0|26.97%|372|372|382|606|38.659999999999997%|61.34%|$79500.00|1963|0%
2010|31.01|4|220330031014|730|3|719|0|0|1|0|723|7|443|31.4|-999999|66|18|0|10|0|8|0|0|0|61|196|32|127|8|21|8|0|0|34.74%|334|241|235|403|36.83%|63.17%|$92400.00|1960|27.84%
2010|31.01|5|220330031015|1023|4|1015|0|0|0|0|1019|4|682|39.799999999999997|23828|79|84|0|14|0|70|0|0|0|89|185|24|71|13|56|21|0|0|43.57%|437|368|504|644|43.9%|56.1%|$69600.00|1965|15.79%
2010|31.03|1|220330031031|3278|461|2787|9|9|0|0|3266|12|2103|29.5|21964|176|129|17|66|7|39|0|0|0|171|160|13|89|10|44|4|0|0|28.33%|424|359|555|672|45.23%|54.77%|$80400.00|1965|15.33%
2010|32.01|1|220330032011|848|357|464|10|6|0|0|837|11|555|37.799999999999997|61920|115|104|5|52|0|37|10|0|0|117|148|17|28|21|51|31|0|0|47.93%|309|309|668|151|81.56%|18.440000000000001%|$124500.00|1961|0%
2010|32.01|2|220330032012|1811|348|1420|3|13|10|0|1794|17|1167|36.700000000000003|47045|107|357|62|81|28|118|26|32|10|171|349|40|91|9|167|42|0|0|60.63%|771|692|1390|422|76.709999999999994%|23.29%|$144200.00|1977|10.25%
2010|32.01|3|220330032013|1183|220|939|9|1|3|0|1172|11|686|30.8|40172|35|223|10|189|10|14|0|0|0|59|220|57|77|17|50|19|0|0|72.150000000000006%|415|366|815|340|70.56%|29.44%|$112300.00|1975|11.81%
2010|32.02|1|220330032021|1109|461|629|2|0|6|0|1098|11|737|38.799999999999997|44858|95|164|50|93|21|0|0|0|0|224|133|79|41|0|13|0|0|0|45.67%|412|402|622|215|74.31%|25.69%|$107200.00|1977|2.43%
2010|32.02|2|220330032022|1724|598|1078|19|9|5|0|1709|15|1182|41.6|83750|195|319|8|160|56|51|27|0|17|228|392|15|67|57|137|79|15|22|59.31%|626|611|1617|0|100%|0%|$155500.00|1977|2.4%
2010|32.02|3|220330032023|1084|240|808|11|1|0|0|1060|24|697|39.5|53083|50|232|17|123|0|73|19|0|0|126|298|35|89|21|95|58|0|0|68.45%|491|447|926|308|75.040000000000006%|24.96%|$130000.00|1983|8.960000000000001%
2010|33|1|220330033001|738|6|722|0|4|0|0|732|6|516|45|31536|79|108|10|76|0|0|22|0|0|100|211|0|99|0|22|79|0|11|54.51%|358|337|615|389|61.25%|38.75%|$98400.00|1967|5.87%
2010|33|2|220330033002|909|3|893|1|0|2|0|899|10|618|41.5|35268|142|106|28|22|0|25|20|0|11|68|275|0|102|112|29|32|0|0|54.71%|494|389|670|222|75.11%|24.89%|$75000.00|1963|21.26%
2010|33|3|220330033003|1042|0|1022|2|0|1|0|1025|17|480|23.8|21964|71|78|0|37|0|41|0|0|0|34|139|14|90|0|8|27|0|0|51.95%|478|374|337|612|35.51%|64.489999999999995%|$80700.00|1994|21.76%
2010|33|4|220330033004|1305|4|1282|3|2|0|0|1291|14|729|29.4|24476|126|99|0|82|0|17|0|0|0|97|178|46|100|14|11|7|0|0|43.65%|414|347|794|316|71.53%|28.47%|$70500.00|1970|16.18%
2010|33|5|220330033005|1167|12|1150|0|0|3|0|1165|2|626|28.7|30469|178|42|0|18|0|24|0|0|0|171|169|21|148|0|0|0|0|0|25.54%|439|351|830|510|61.94%|38.06%|$79000.00|1979|20.05%
2010|34|1|220330034001|1475|157|1273|5|17|7|0|1459|16|876|32.1|41705|136|281|14|60|60|73|74|0|0|124|413|147|76|28|123|39|0|0|64.41%|561|536|964|658|59.43%|40.57%|$105800.00|1975|4.46%
2010|34|2|220330034002|1629|49|1557|4|2|0|0|1612|17|979|31.7|32109|111|201|30|48|42|57|10|14|0|116|177|0|47|0|86|44|0|0|47.98%|490|401|892|356|71.47%|28.53%|$88600.00|1967|18.16%
2010|34|3|220330034003|1365|21|1332|0|2|0|0|1355|10|790|30.5|16711|104|29|0|16|0|0|13|0|0|92|242|56|153|0|0|33|0|0|35.479999999999997%|583|448|950|291|76.55%|23.45%|$94100.00|1967|23.16%
2010|34|4|220330034004|851|19|821|0|1|2|0|843|8|511|31.8|36369|132|59|0|25|0|34|0|0|0|96|31|18|0|0|0|13|0|0|17.77%|267|233|626|301|67.53%|32.47%|$69200.00|1965|12.73%
2010|34|5|220330034005|1311|43|1256|4|0|0|0|1303|8|792|33.5|42321|109|74|37|20|0|17|0|0|0|229|161|11|97|0|53|0|0|0|37.54%|479|384|720|118|85.92%|14.08%|$104100.00|1966|19.829999999999998%
2010|35.01|1|220330035011|1384|178|1160|1|44|0|0|1383|1|958|43.6|51442|188|262|47|101|33|55|18|0|8|134|395|24|103|16|154|98|0|0|53.41%|639|639|1644|146|91.84%|8.16%|$132700.00|1978|0%
2010|35.01|2|220330035012|1676|455|821|46|307|10|0|1639|37|953|28.1|33651|75|78|7|25|8|13|25|0|0|235|88|0|25|0|63|0|0|0|27.1%|498|433|443|890|33.229999999999997%|66.77%|$99100.00|1976|13.05%
2010|35.04|1|220330035041|1229|22|1187|1|4|3|0|1217|12|754|34.299999999999997|51250|56|109|12|26|28|35|8|0|0|111|198|17|130|0|27|24|0|0|52.41%|341|286|831|77|91.52%|8.48%|$89100.00|1966|16.13%
2010|35.04|2|220330035042|878|10|864|1|0|3|0|878|0|546|33.5|46563|120|166|38|34|37|21|36|0|0|192|180|26|21|35|51|47|0|0|48.83%|384|384|1009|95|91.39%|8.61%|$99800.00|1975|0%
2010|35.04|3|220330035043|2090|34|2026|0|8|1|0|2069|21|1198|30.9|57419|207|361|0|243|17|75|0|0|26|256|554|42|302|32|111|55|12|0|55.25%|840|782|1543|728|67.94%|32.06%|$96100.00|1977|6.9%
2010|35.04|4|220330035044|2017|65|1936|2|0|3|0|2006|11|1158|30.3|41138|45|291|10|63|65|142|11|0|0|165|361|10|223|10|85|21|12|0|62.72%|679|651|1248|782|61.48%|38.520000000000003%|$105800.00|1971|4.12%
2010|35.05|1|220330035051|664|83|571|5|1|0|0|660|4|422|35.1|-999999|62|134|39|40|0|55|0|0|0|91|160|17|23|22|59|39|0|0|55.57%|302|279|783|115|87.19%|12.81%|$125500.00|1966|7.62%
2010|35.05|2|220330035052|1420|35|1368|3|0|1|0|1407|13|784|28.8|26607|90|98|17|60|0|10|11|0|0|115|274|17|138|45|40|34|0|0|49.79%|489|423|629|634|49.8%|50.2%|$99900.00|1964|13.5%
2010|35.05|3|220330035053|966|167|758|0|36|2|0|963|3|617|36.9|44107|91|125|21|42|0|53|0|0|9|35|182|39|40|19|30|39|15|0|55.15%|326|309|654|236|73.48%|26.52%|$105000.00|1969|5.21%
2010|35.05|4|220330035054|1126|218|810|8|78|0|0|1114|12|660|29.4|36830|95|84|18|42|18|6|0|0|0|84|115|0|35|38|9|33|0|0|38.53%|504|419|416|562|42.54%|57.46%|$102600.00|1971|16.87%
2010|35.06|1|220330035061|1574|219|1181|68|72|0|2|1542|32|1010|39.1|61667|145|239|10|114|29|72|14|0|0|55|225|0|75|41|84|25|0|0|63.76%|436|436|1174|122|90.59%|9.41%|$152100.00|1975|0%
2010|35.06|2|220330035062|935|221|670|12|24|1|0|928|7|624|40.799999999999997|44839|71|82|0|40|0|42|0|0|0|130|98|0|22|0|40|36|0|0|43.93%|258|258|612|0|100%|0%|$144000.00|1976|0%
2010|35.06|3|220330035063|1062|177|855|19|2|1|1|1055|7|697|39.1|55938|249|216|13|74|90|0|0|0|39|128|351|0|237|58|20|36|0|0|57.73%|389|389|1177|645|64.599999999999994%|35.4%|$140000.00|1975|0%
2010|35.06|4|220330035064|2367|351|1900|53|30|7|0|2341|26|1468|31.5|39063|385|202|18|28|93|34|15|14|0|268|781|30|423|89|226|13|0|0|48.52%|1186|1078|1188|1640|42.01%|57.99%|$134800.00|1975|9.11%
2010|35.06|5|220330035065|919|162|720|27|1|1|0|911|8|605|41.2|67011|269|325|101|78|12|48|24|62|0|86|352|0|166|12|148|26|0|0|65.89%|525|525|1308|31|97.68%|2.32%|$154700.00|1973|0%
2010|35.07|1|220330035071|2089|146|1897|18|5|3|0|2069|20|1315|34.6|71216|241|372|44|196|34|98|0|0|0|150|532|63|148|71|215|35|0|0|68.52%|728|728|2088|0|100%|0%|$148200.00|1985|0%
2010|35.07|2|220330035072|1581|459|1070|22|11|6|0|1568|13|919|31.3|50167|187|223|41|56|21|46|47|12|0|181|344|15|159|21|105|44|0|0|54.05%|624|612|1169|430|73.11%|26.89%|$102500.00|1975|1.92%
2010|35.07|3|220330035073|1644|133|1475|10|12|3|0|1633|11|1062|38.5|65486|154|407|26|135|54|164|28|0|0|99|493|26|124|88|147|95|13|0|70.87%|627|627|1870|22|98.84%|1.16%|$146300.00|1975|0%
2010|36.01|1|220330036011|934|277|583|17|32|4|0|913|21|611|33.799999999999997|28214|91|127|64|43|0|8|12|0|0|173|149|9|62|41|16|21|0|0|46.7%|512|446|471|397|54.26%|45.74%|$137200.00|1971|12.89%
2010|36.01|2|220330036012|1532|368|939|203|9|2|0|1521|11|1006|39.5|56944|160|377|53|119|9|165|6|25|0|178|307|55|61|26|115|44|6|0|56.96%|560|560|1737|55|96.93%|3.07%|$156500.00|1973|0%
2010|36.01|3|220330036013|1017|343|517|88|39|4|0|991|26|687|40|40658|100|98|17|31|11|39|0|0|0|110|131|7|69|0|41|7|7|0|44.45%|368|296|570|212|72.89%|27.11%|$138900.00|1970|19.57%
2010|36.03|1|220330036031|1250|368|678|19|119|10|2|1196|54|661|26.6|20455|87|63|16|6|0|41|0|0|0|133|147|27|76|14|30|0|0|0|33.590000000000003%|659|450|882|606|59.27%|40.729999999999997%|$94700.00|1970|31.71%
2010|36.03|2|220330036032|1717|625|837|34|170|9|0|1675|42|1061|31.1|35672|76|246|0|186|0|40|4|16|0|174|222|5|114|21|69|13|0|0|59.76%|685|613|615|625|49.6%|50.4%|$99300.00|1971|10.51%
2010|36.04|1|220330036041|808|165|513|7|89|3|0|777|31|429|27|39440|50|40|0|40|0|0|0|0|0|84|72|34|38|0|0|0|0|0|39.61%|387|247|317|208|60.38%|39.619999999999997%|$112800.00|1974|36.18%
2010|36.04|2|220330036042|1670|65|1540|0|47|2|0|1654|16|770|23.9|17324|54|152|24|62|23|43|0|0|0|192|126|0|69|0|57|0|0|0|48%|665|613|26|1698|1.51%|98.49%||1971|7.82%
2010|36.04|3|220330036043|890|68|782|29|5|0|3|887|3|472|25.9|50147|130|54|0|37|0|17|0|0|0|108|112|0|51|0|61|0|0|0|36.97%|350|282|359|563|38.94%|61.06%|$108800.00|1976|19.43%
2010|36.04|4|220330036044|1511|217|995|127|135|6|0|1480|31|901|30|-999999|178|215|63|93|31|15|13|0|0|309|109|0|90|0|9|10|0|0|32.049999999999997%|694|658|856|869|49.62%|50.38%|$123500.00|1975|5.19%
2010|36.04|5|220330036045|1556|169|901|346|83|26|0|1525|31|826|26.6|16555|74|46|0|21|25|0|0|0|0|57|65|36|0|29|0|0|0|0|25.34%|364|313|148|718|17.09%|82.91%|$99600.00|1975|14.01%
2010|37.01|1|220330037011|1852|1117|641|31|29|3|0|1821|31|1307|36.799999999999997|49974|129|302|13|17|105|109|43|15|0|176|483|86|144|42|145|66|0|0|65.3%|995|781|1142|402|73.959999999999994%|26.04%|$151800.00|1971|21.51%
2010|37.01|2|220330037012|800|555|186|6|38|2|0|787|13|569|39.6|65385|162|161|0|77|0|67|17|0|0|46|218|54|78|36|15|17|0|18|65.819999999999993%|364|364|507|197|72.02%|27.98%|$181500.00|1959|0%
2010|37.01|3|220330037013|744|600|88|39|16|1|0|744|0|549|46.1|69408|47|193|0|84|13|87|0|9|0|100|138|40|28|23|47|0|0|0|62.57%|251|251|720|0|100%|0%|$181400.00|1960|0%
2010|37.01|4|220330037014|1241|925|181|83|26|2|0|1217|24|877|40.5|47679|78|216|8|69|0|139|0|0|0|167|269|20|69|39|98|26|0|17|66.489999999999995%|496|414|1142|45|96.21%|3.79%|$188000.00|1970|16.53%
2010|37.01|5|220330037015|1329|1081|166|59|6|0|0|1312|17|947|46.6|58469|77|399|13|123|40|92|58|33|40|174|223|0|18|0|77|90|15|23|64.37%|551|551|1238|56|95.67%|4.33%|$180600.00|1968|0%
2010|37.02|1|220330037021|831|595|199|21|4|0|1|820|11|615|48|73558|114|198|12|70|5|84|12|0|15|128|223|75|86|4|34|24|0|0|59.17%|324|324|661|148|81.709999999999994%|18.29%|$170900.00|1969|0%
2010|37.02|2|220330037022|1283|554|568|110|20|4|0|1256|27|783|31.6|47813|179|293|0|145|62|47|22|8|9|126|356|10|211|24|70|32|0|9|59.15%|631|608|613|881|41.03%|58.97%|$175900.00|1976|3.65%
2010|37.02|3|220330037023|1301|984|168|119|10|2|0|1283|18|966|47.6|74276|66|333|7|137|0|96|61|24|8|144|258|72|119|19|40|8|0|0|69.239999999999995%|513|474|1202|78|93.91%|6.09%|$161500.00|1975|7.6%
2010|37.03|1|220330037031|1291|542|511|213|6|1|0|1273|18|861|38.299999999999997|45104|142|274|20|78|0|115|16|0|45|63|418|45|150|0|119|81|13|10|61.63%|622|584|1090|364|74.97%|25.03%|$131300.00|1981|6.11%
2010|37.03|2|220330037032|1388|673|524|156|21|3|0|1377|11|899|38|55395|51|315|42|105|0|96|72|0|0|57|324|30|90|59|85|60|0|0|74.87%|532|488|1125|83|93.13%|6.87%|$167500.00|1972|8.27%
2010|37.03|3|220330037033|938|573|258|69|12|4|3|919|19|690|45.2|-999999|62|302|57|107|3|132|3|0|0|97|250|0|62|13|147|28|0|0|76.44%|290|253|683|141|82.89%|17.11%|$158700.00|1961|12.76%
2010|37.03|4|220330037034|1118|791|170|132|13|0|1|1107|11|773|44.5|84071|52|358|48|152|0|158|0|0|0|52|297|14|165|20|98|0|0|0|86.21%|382|382|883|130|87.17%|12.83%|$189500.00|1969|0%
2010|37.03|5|220330037035|1495|1039|272|143|10|1|0|1465|30|1074|47|102879|45|557|26|229|52|222|28|0|0|90|440|15|87|0|254|53|31|0|82.07%|532|532|1347|266|83.51%|16.489999999999998%|$215300.00|1972|0%
2010|38.01|1|220330038011|791|775|7|3|3|1|0|789|2|519|45.3|139904|0|175|0|0|0|56|24|56|39|0|256|9|52|65|78|23|15|14|100%|265|253|992|0|100%|0%|$626800.00|1967|4.53%
2010|38.01|2|220330038012|1987|1523|267|152|16|2|2|1962|25|1383|31|52125|0|589|36|31|0|276|68|145|33|48|610|53|52|16|270|166|33|20|94.11%|1462|1040|694|1003|40.9%|59.1%|$516000.00|2003|28.86%
2010|38.01|3|220330038013|2680|1321|1167|60|91|6|2|2647|33|1968|43.9|54440|141|770|10|134|23|216|158|88|141|173|718|0|204|63|287|134|15|15|74.239999999999995%|1012|937|1876|386|82.94%|17.059999999999999%|$304400.00|1976|7.41%
2010|38.01|4|220330038014|1043|792|175|43|15|4|0|1029|14|775|36|52633|12|222|21|87|8|55|17|0|34|69|321|0|170|0|58|79|0|14|88.59%|684|465|187|646|22.45%|77.55%|$235900.00|1981|32.020000000000003%
2010|38.01|5|220330038015|1073|572|440|26|13|2|0|1053|20|627|26.5|38846|17|216|0|79|10|47|0|65|15|8|184|0|19|15|64|43|43|0|91.12%|617|402|36|628|5.42%|94.58%||1984|34.85%
2010|38.02|1|220330038021|893|737|133|12|6|0|0|888|5|717|46.8|41105|22|292|71|79|0|109|18|15|0|113|264|70|61|47|43|43|0|0|55.08%|663|583|652|765|46.01%|53.99%|$151800.00|1967|12.07%
2010|38.02|2|220330038022|738|668|46|15|3|0|0|732|6|577|47.2|67929|13|260|10|47|0|136|37|16|14|37|165|22|28|0|107|8|0|0|80.47%|318|318|575|64|89.98%|10.02%|$311300.00|1978|0%
2010|38.02|3|220330038023|1188|949|199|19|7|0|0|1174|14|950|43.3|45000|0|369|24|0|19|200|55|49|22|19|302|0|142|0|106|51|0|3|95.21%|638|584|558|362|60.65%|39.35%|$302700.00|1982|8.460000000000001%
2010|38.02|4|220330038024|1222|898|270|11|17|7|0|1203|19|885|33.799999999999997|42074|73|226|12|32|0|179|3|0|0|90|246|16|71|0|49|89|21|0|70.58%|538|464|190|535|26.21%|73.790000000000006%|$132300.00|1976|13.75%
2010|38.02|5|220330038025|1320|1003|260|24|9|5|0|1301|19|942|35|60673|71|349|0|71|0|122|46|31|79|80|535|11|218|22|284|0|0|0|81.61%|783|695|709|726|49.41%|50.59%|$286200.00|1979|11.24%
2010|38.04|1|220330038041|2011|1849|81|24|40|2|0|1996|15|1483|44.5|96563|55|629|34|78|32|301|78|89|17|82|696|99|98|56|332|81|30|0|90.71%|907|789|1752|131|93.04%|6.96%|$220000.00|1972|13.01%
2010|38.04|2|220330038042|1215|886|239|65|5|4|0|1199|16|925|34|73323|17|505|32|215|60|63|101|26|8|50|365|8|84|40|122|90|21|0|91.31%|802|675|483|702|40.76%|59.24%|$157700.00|1984|15.84%
2010|38.04|3|220330038043|1582|1163|300|70|22|4|0|1559|23|1139|30.4|43646|117|291|0|87|14|116|60|0|14|114|509|28|140|49|71|50|21|150|74.760000000000005%|984|724|440|895|32.96%|67.040000000000006%|$119700.00|1988|26.42%
2010|38.05|1|220330038051|903|759|86|13|24|1|0|883|20|631|36.5|46534|13|206|0|116|0|15|41|9|25|69|160|21|7|42|39|18|9|24|81.97%|349|349|407|112|78.42%|21.58%|$228400.00|1979|0%
2010|38.05|2|220330038052|1738|1480|167|34|14|6|1|1702|36|1284|40.700000000000003|50469|105|519|0|128|83|189|44|50|25|150|540|34|135|19|278|25|41|8|80.540000000000006%|904|904|1421|464|75.38%|24.62%|$179900.00|1977|0%
2010|38.05|3|220330038053|4074|2814|996|174|25|4|3|4016|58|2607|33.299999999999997|51970|192|998|103|226|85|398|91|81|14|390|976|116|255|34|367|159|45|0|73.84%|1699|1628|2667|1393|65.69%|34.31%|$267200.00|1999|4.18%
2010|39.04|1|220330039041|1245|969|185|54|12|8|0|1228|17|952|42.5|58507|144|437|0|79|0|298|0|14|46|221|401|85|35|21|101|159|0|0|69.02%|712|712|1309|120|91.6%|8.4%|$153000.00|1987|0%
2010|39.04|2|220330039042|3205|583|2380|40|141|10|0|3154|51|1713|26|-999999|141|451|56|262|55|78|0|0|0|75|558|16|293|67|165|17|0|0|67.459999999999994%|1335|1157|219|2662|7.6%|92.4%|$137500.00|1981|13.33%
2010|39.04|3|220330039043|1989|821|1077|41|25|8|0|1972|17|1318|32|35417|280|295|0|149|27|51|24|44|0|120|514|88|56|51|218|63|0|38|60.89%|1106|903|974|1089|47.21%|52.79%|$154900.00|1990|18.350000000000001%
2010|39.06|1|220330039061|1628|1183|301|92|26|2|2|1606|22|1206|43.6|62222|172|378|28|109|0|155|86|0|0|118|532|62|226|39|153|33|0|19|71.67%|710|710|1470|192|88.45%|11.55%|$170600.00|1977|0%
2010|39.06|2|220330039062|1518|1086|297|77|36|5|0|1501|17|1054|34.700000000000003|86765|139|317|0|90|0|139|41|47|0|111|475|58|77|75|218|11|36|0|74.010000000000005%|575|530|1090|413|72.52%|27.48%|$188800.00|1981|7.83%
2010|39.06|3|220330039063|3095|2359|448|203|25|14|0|3049|46|2153|39.6|105795|71|880|64|256|44|400|87|12|17|316|921|107|224|45|364|181|0|0|79.95%|1247|1247|2436|832|74.540000000000006%|25.46%|$227200.00|1990|0%
2010|39.06|4|220330039064|2574|2031|338|117|34|0|6|2526|48|1785|41|70726|330|762|79|278|19|273|37|58|18|279|797|35|188|71|380|84|11|28|71.099999999999994%|1332|1332|2192|689|76.08%|23.92%|$225800.00|1990|0%
2010|39.07|1|220330039071|1153|750|346|35|11|1|0|1143|10|826|40.799999999999997|61455|9|278|27|88|0|127|36|0|0|34|253|0|50|0|188|15|0|0|92.51%|444|444|659|413|61.47%|38.53%|$237400.00|1981|0%
2010|39.07|2|220330039072|862|747|58|50|6|0|1|862|0|676|57.2|55208|27|160|16|12|16|19|55|23|19|33|218|23|22|42|90|41|0|0|84.23%|296|296|435|120|78.38%|21.62%|$311400.00|1979|0%
2010|39.07|3|220330039073|1685|946|620|51|28|1|0|1646|39|1134|32|41639|158|396|36|77|49|191|25|0|18|82|355|80|37|6|165|67|0|0|76.36%|1140|969|853|984|46.43%|53.57%|$302400.00|1990|15%
2010|39.07|4|220330039074|2230|1316|774|72|23|6|0|2191|39|1445|30.1|47692|97|573|101|234|52|142|44|0|0|232|624|52|236|63|154|100|0|19|74%|1126|958|1036|1278|44.77%|55.23%|$194700.00|1976|14.92%
2010|39.08|1|220330039081|1228|789|351|35|24|7|0|1206|22|845|30.6|45673|118|288|9|127|10|109|28|5|0|89|184|17|34|13|98|12|10|0|67.41%|581|529|357|631|36.130000000000003%|63.87%|$171400.00|2001|8.949999999999999%
2010|39.08|2|220330039082|1709|1372|244|42|15|6|0|1679|30|1243|41.2|86969|155|427|21|81|38|197|44|18|28|191|518|21|213|81|153|35|8|7|66.84%|699|699|1750|215|89.06%|10.94%|$174700.00|1986|0%
2010|39.08|3|220330039083|1122|930|143|13|12|4|0|1102|20|804|36.299999999999997|86780|73|337|45|101|39|89|63|0|0|82|335|52|92|7|108|64|6|6|80.510000000000005%|527|527|626|426|59.51%|40.49%|$176500.00|1994|0%
2010|39.09|1|220330039091|1396|890|373|84|14|2|0|1363|33|999|35.6|51711|112|309|41|114|0|96|41|17|0|153|483|36|117|37|138|81|60|14|72.069999999999993%|798|758|890|533|62.54%|37.46%|$139600.00|1992|5.01%
2010|39.09|2|220330039092|1624|650|827|70|28|14|1|1590|34|1052|27.6|28750|47|247|15|27|54|128|10|13|0|47|286|18|118|10|66|62|12|0|71.8%|948|742|81|1117|6.76%|93.24%|$98600.00|1986|21.73%
2010|39.09|3|220330039093|1143|651|409|50|13|4|0|1127|16|845|42.6|42188|85|119|0|12|39|65|3|0|0|60|289|12|65|31|145|22|0|14|58.52%|455|420|529|405|56.64%|43.36%|$137300.00|1983|7.69%
2010|39.09|4|220330039094|489|345|94|25|17|0|0|481|8|350|40.799999999999997|70357|81|63|0|29|0|20|14|0|0|133|123|0|43|29|41|10|0|0|34.74%|264|264|630|355|63.96%|36.04%|$148800.00|1972|0%
2010|39.1|1|220330039101|2089|692|984|38|285|11|1|2011|78|1219|27.5|53970|140|215|0|48|0|144|16|7|0|157|238|6|45|101|72|14|0|0|49.36%|910|657|87|1466|5.6%|94.4%|$117300.00|1982|27.8%
2010|39.1|2|220330039102|1081|449|513|32|61|4|0|1059|22|657|29.6|31250|73|178|0|68|0|94|16|0|0|69|271|68|17|130|32|24|0|0|52.82%|684|508|424|1073|28.32%|71.680000000000007%|$216100.00|1989|25.73%
2010|40.05|1|220330040051|1467|858|463|60|46|13|1|1441|26|1057|37.700000000000003|34457|185|283|0|35|57|83|50|0|58|169|405|18|115|71|105|63|23|10|59.13%|943|778|878|702|55.57%|44.43%|$143000.00|1983|17.5%
2010|40.05|2|220330040052|669|364|254|10|10|7|0|645|24|462|36.799999999999997|59840|42|181|0|56|0|66|39|0|20|68|189|0|53|0|89|15|0|32|70.22%|324|267|443|300|59.62%|40.380000000000003%|$155700.00|1970|17.59%
2010|40.05|3|220330040053|1076|29|1027|0|5|5|0|1066|10|751|43.8|66827|94|143|94|22|0|0|27|0|0|141|353|0|32|57|103|161|0|0|54.53%|352|321|713|294|70.8%|29.2%|$122200.00|1973|8.81%
2010|40.05|4|220330040054|2793|1382|1218|152|8|5|0|2765|28|1952|36.1|74185|119|793|94|132|45|266|86|120|50|148|715|55|186|30|200|188|16|40|84.06%|1257|1148|1835|815|69.25%|30.75%|$216200.00|1995|8.67%
2010|40.06|1|220330040061|1340|1039|210|73|1|5|0|1328|12|980|47|88460|16|470|0|69|21|274|58|33|15|42|419|0|66|24|245|74|0|10|92.46%|931|663|974|333|74.52%|25.48%|$281300.00|2002|28.79%
2010|40.06|2|220330040062|2582|2084|293|152|13|5|0|2547|35|1799|40.6|83371|66|813|18|131|32|355|171|43|63|52|939|54|99|39|404|203|33|107|90.21%|1518|1427|2099|994|67.86%|32.14%|$279900.00|1994|5.99%
2010|40.06|3|220330040063|2255|1405|695|102|17|0|0|2219|36|1599|39.700000000000003|-999999|167|652|38|125|0|278|109|42|60|163|646|55|66|56|325|144|0|0|74.569999999999993%|1022|997|1597|538|74.8%|25.2%|$187800.00|1985|2.45%
2010|40.06|4|220330040064|2018|1811|103|63|25|3|0|2005|13|1445|48.4|102757|31|422|0|48|0|233|80|27|34|67|511|50|106|22|151|105|45|32|90.03%|608|541|1372|0|100%|0%|$288100.00|1981|11.02%
2010|40.09|1|220330040091|1381|1218|76|61|6|0|5|1366|15|951|45.7|164545|47|465|25|98|0|251|33|58|0|10|411|24|150|0|152|74|0|11|91.57%|484|484|1433|15|98.96%|1.04%|$469600.00|1997|0%
2010|40.09|2|220330040092|4859|3233|1033|343|151|21|5|4786|73|3086|32|70655|386|988|84|173|0|485|96|54|96|193|1174|79|176|106|675|91|30|17|76.38%|1937|1651|2255|1900|54.27%|45.73%|$398800.00|2004|14.77%
2010|40.09|3|220330040093|2230|525|1538|47|60|1|0|2171|59|1240|27.8|40391|216|322|14|81|29|150|48|0|0|212|319|33|120|15|97|54|0|0|51.42%|975|811|1036|950|52.17%|47.83%|$129900.00|1983|16.82%
2010|40.1|1|220330040101|2374|1994|253|81|17|1|0|2346|28|1662|41.5|93869|91|768|55|129|51|297|56|111|69|150|686|52|92|112|246|113|39|32|82.7%|1008|967|2305|169|93.17%|6.83%|$219700.00|1987|4.07%
2010|40.1|2|220330040102|1541|1181|277|33|18|6|1|1516|25|1092|37.4|58608|84|352|45|119|29|89|58|12|0|124|412|28|48|67|197|72|0|0|73.069999999999993%|645|645|1465|295|83.24%|16.760000000000002%|$137500.00|1976|0%
2010|40.1|3|220330040103|959|750|124|57|8|0|1|940|19|667|39.5|108558|26|268|0|25|11|114|52|18|48|45|273|0|33|7|152|31|30|20|88.5%|396|321|638|198|76.319999999999993%|23.68%|$309000.00|1990|18.940000000000001%
2010|40.11|1|220330040111|1919|1209|499|46|134|4|0|1892|27|1015|25.7|50347|394|419|19|131|15|231|13|0|10|167|353|9|65|26|201|52|0|0|54.8%|926|869|761|1570|32.65%|67.349999999999994%|$144200.00|1983|6.16%
2010|40.11|2|220330040112|1015|502|452|26|11|2|0|993|22|483|24.5|18654|31|117|0|13|12|79|0|13|0|67|108|0|31|31|22|0|12|12|70.38%|510|358|242|583|29.33%|70.67%|$142500.00|2003|29.8%
2010|40.11|3|220330040113|1797|194|1429|1|134|12|0|1770|27|891|24.9|-999999|214|268|0|169|0|99|0|0|0|116|152|13|51|0|57|31|0|0|32.07%|1119|744|98|2374|3.96%|96.04%||1983|33.51%
2010|40.13|1|220330040131|1126|804|200|71|12|1|0|1088|38|365|22.9|34375|98|55|0|19|20|0|16|0|0|27|107|13|0|0|54|0|34|6|57.9%|458|249|0|773|0%|100%||1980|45.63%
2010|40.13|2|220330040132|824|419|290|70|19|1|0|799|25|436|25.4|16852|47|244|0|70|15|53|106|0|0|0|79|0|0|0|52|10|0|17|65.02%|750|601|0|1171|0%|100%||1975|19.87%
2010|40.13|3|220330040133|1726|1041|474|155|27|7|2|1706|20|663|23.6|17578|73|375|0|115|70|157|0|0|33|86|239|37|93|8|70|0|0|31|73.819999999999993%|1057|943|157|1677|8.56%|91.44%||1975|10.79%
2010|40.14|1|220330040141|3094|2600|278|120|29|10|2|3039|55|197|21.9|11912|0|14|0|0|0|14|0|0|0|0|26|0|0|0|12|0|14|0|100%|701|480|28|1598|1.72%|98.28%||1996|31.53%
2010|40.14|2|220330040142|2230|1911|171|76|24|4|1|2187|43|493|21.8|20091|0|268|0|121|0|77|15|45|10|40|192|0|52|0|67|46|27|0|91.38%|1330|1213|711|2886|19.77%|80.23%|$206100.00|2003|8.800000000000001%
2010|40.14|3|220330040143|3094|2600|278|120|29|10|2|3039|55|339|21|30000|97|317|0|123|0|154|16|24|0|0|103|0|8|0|75|12|8|0|88.29%|817|642|0|1681|0%|100%||1999|21.42%
2010|40.14|4|220330040144|2325|1988|156|148|4|5|0|2301|24|1422|38.200000000000003|126188|0|616|10|19|9|209|140|129|100|19|708|25|106|0|315|191|37|34|96.58%|749|749|1962|269|87.94%|12.06%|$351000.00|1993|0%
2010|40.14|5|220330040145|1538|1258|139|120|4|2|0|1523|15|476|22.4|21912|0|269|0|80|0|56|38|0|95|0|200|16|9|0|60|29|11|75|100%|649|610|1079|673|61.59%|38.409999999999997%|$232300.00|2003|6.01%
2010|40.15|1|220330040151|4133|1043|2809|103|71|8|2|4036|97|2167|25.9|58173|363|567|73|255|8|160|44|0|27|294|483|18|108|56|215|70|6|10|55.31%|1551|1203|2444|1229|66.540000000000006%|33.46%|$134000.00|2000|22.44%
2010|40.15|2|220330040152|2812|678|1685|48|318|7|2|2738|74|1505|26|43431|287|269|18|51|45|99|38|0|18|330|364|39|72|19|139|54|24|17|42.76%|1244|870|821|1836|30.9%|69.099999999999994%|$130600.00|2001|30.06%
2010|40.15|3|220330040153|1529|1153|223|108|10|4|1|1499|30|618|23.8|14400|16|322|0|73|0|187|62|0|0|0|346|0|51|88|160|10|0|37|97.63%|811|692|179|1107|13.92%|86.08%|$316700.00|1992|14.67%
2010|40.16|1|220330040161|2356|2164|78|93|9|0|0|2344|12|1730|50.7|225087|31|799|34|131|11|237|118|201|67|69|730|9|179|21|309|135|77|0|93.81%|852|829|2247|27|98.81%|1.19%|$668900.00|1994|2.7%
2010|40.16|2|220330040162|4419|3376|511|441|29|10|0|4367|52|2938|32.9|111111|43|1433|119|182|30|684|174|102|142|162|1414|96|245|53|618|304|33|65|91.76%|1781|1746|4811|150|96.98%|3.02%|$248400.00|2004|1.97%
2010|42.01|1|220330042011|1009|248|732|0|0|4|0|984|25|645|35.799999999999997|53171|132|164|51|113|0|0|0|0|0|121|163|14|112|37|0|0|0|0|52.81%|367|248|791|57|93.28%|6.72%|$91800.00|1976|32.43%
2010|42.01|2|220330042012|1268|136|1111|0|9|1|0|1257|11|867|41.6|43836|82|193|41|67|0|33|19|0|33|72|322|0|37|28|129|113|0|15|73.83%|488|411|768|121|86.39%|13.61%|$182000.00|1975|15.78%
2010|42.01|3|220330042013|1258|8|1244|0|0|3|0|1255|3|725|31.1|26377|70|132|0|88|14|30|0|0|0|76|202|18|86|18|48|32|0|0|40.880000000000003%|411|411|1030|250|80.47%|19.53%|$101000.00|1975|0%
2010|42.01|4|220330042014|768|227|525|0|1|1|0|754|14|483|34.6|47266|65|81|0|66|0|0|15|0|0|38|79|20|16|43|0|0|0|0|53.36%|318|249|241|175|57.93%|42.07%|$64800.00|1981|21.7%
2010|42.01|5|220330042015|694|148|535|6|5|0|0|694|0|463|36.700000000000003|33728|70|158|0|118|0|40|0|0|0|190|132|16|101|0|15|0|0|0|45.15%|401|363|654|685|48.84%|51.16%|$111700.00|1975|9.48%
2010|42.01|6|220330042016|1001|40|939|0|1|0|0|980|21|571|29.9|24198|59|63|0|16|0|47|0|0|0|117|211|11|18|0|118|64|0|0|47.62%|428|360|610|252|70.77%|29.23%|$100300.00|1977|15.89%
2010|42.03|1|220330042031|974|219|728|1|1|18|0|967|7|630|38.200000000000003|-999999|108|145|11|50|0|73|0|11|0|167|146|25|93|0|21|7|0|0|40.31%|435|414|927|455|67.08%|32.92%|$94800.00|1971|4.83%
2010|42.03|2|220330042032|1208|483|703|2|1|0|0|1189|19|748|34.200000000000003|65682|133|183|45|57|20|22|13|0|26|158|177|6|28|15|56|72|0|0|49.47%|461|374|837|227|78.67%|21.33%|$102900.00|1964|18.87%
2010|42.03|3|220330042033|1105|39|1042|0|9|1|0|1091|14|675|35.5|28387|124|118|7|14|0|85|12|0|0|129|146|28|47|8|59|4|0|0|40.9%|472|410|920|284|76.41%|23.59%|$87700.00|1974|13.14%
2010|42.04|1|220330042041|1043|298|712|1|8|7|0|1026|17|568|27.8|51420|99|138|55|76|0|7|0|0|0|268|91|30|58|3|0|0|0|0|34.86%|410|359|702|394|64.05%|35.950000000000003%|$123300.00|1973|12.44%
2010|42.04|2|220330042042|1481|257|1169|9|30|0|0|1465|16|864|29.6|35980|193|153|10|67|19|47|0|10|0|236|226|54|117|0|45|10|0|0|38.880000000000003%|682|682|1451|614|70.27%|29.73%|$96200.00|1979|0%
2010|42.04|3|220330042043|1657|433|1194|3|3|3|0|1636|21|1070|38.200000000000003|26750|201|98|10|56|0|7|15|10|0|235|242|17|120|0|83|7|5|10|33.590000000000003%|610|551|708|643|52.41%|47.59%|$110600.00|1971|9.67%
2010|42.05|1|220330042051|1070|270|789|0|1|4|0|1064|6|656|31.8|50459|106|125|0|67|28|0|0|15|15|134|118|11|71|20|11|5|0|0|34.51%|450|410|695|522|57.11%|42.89%|$134700.00|1968|8.89%
2010|42.05|2|220330042052|1751|331|1404|2|1|10|0|1748|3|1129|36.9|54405|86|312|25|110|0|108|69|0|0|206|416|17|93|46|187|73|0|0|62.2%|634|592|1684|66|96.23%|3.77%|$155600.00|1977|6.62%
2010|42.05|3|220330042053|784|90|679|1|1|1|0|772|12|437|29.6|51071|153|67|0|53|0|14|0|0|0|72|189|0|108|0|44|37|0|0|47.7%|282|238|583|535|52.15%|47.85%|$127500.00|1976|15.6%
2010|42.05|4|220330042054|2224|355|1822|8|13|1|0|2199|25|1316|31.1|28732|66|269|38|174|19|38|0|0|0|386|407|75|205|0|86|41|0|0|52.13%|939|811|1137|964|54.12%|45.88%|$94200.00|1983|13.63%
2010|43.01|1|220330043011|1784|1355|392|10|3|8|1|1769|15|1213|38.4|70996|251|225|12|37|59|87|0|30|0|288|272|50|79|34|51|58|0|0|46.16%|770|641|1432|110|92.87%|7.13%|$137200.00|1987|16.75%
2010|43.01|2|220330043012|1817|1759|39|4|1|6|0|1809|8|1347|46.1|59688|310|225|37|46|19|62|44|0|17|444|281|76|72|10|101|22|0|0|37.24%|812|798|1874|241|88.61%|11.39%|$195000.00|1983|1.72%
2010|43.01|3|220330043013|2961|2391|509|20|10|13|0|2943|18|1955|37.9|-999999|549|267|70|64|50|83|0|0|0|417|519|103|158|69|154|35|0|0|42.96%|1139|1060|2001|490|80.33%|19.670000000000002%|$171400.00|1984|6.94%
2010|43.02|1|220330043021|1801|1743|29|3|5|13|3|1796|5|1258|42.5|70804|274|265|12|173|0|80|0|0|0|217|395|53|180|38|63|17|13|31|51.15%|709|709|1633|82|95.22%|4.78%|$156500.00|1983|0%
2010|43.02|2|220330043022|1657|1573|21|6|10|10|0|1620|37|1127|41.7|78833|305|367|15|189|0|130|17|0|16|207|338|80|104|40|84|14|0|16|57.5%|699|664|1574|274|85.17%|14.83%|$175000.00|1981|5.01%
2010|43.02|3|220330043023|2099|1977|81|11|7|4|0|2080|19|1511|43.5|54258|238|306|53|176|29|25|11|12|0|264|393|75|62|89|146|10|11|0|53.4%|755|657|1589|72|95.67%|4.33%|$171200.00|1980|12.98%
2010|44.01|1|220330044011|1457|1359|54|7|8|0|0|1428|29|1029|46.6|73225|193|273|42|145|9|64|13|0|0|253|330|90|170|0|55|15|0|0|53.4%|537|537|1195|347|77.5%|22.5%|$208400.00|1982|0%
2010|44.01|2|220330044012|1350|1154|149|13|14|3|0|1333|17|906|40.299999999999997|67159|175|150|0|64|0|68|0|0|18|222|279|37|69|47|72|43|11|0|42.89%|574|527|1241|366|77.22%|22.78%|$140500.00|1978|8.19%
2010|44.01|3|220330044013|1950|1521|397|16|2|5|0|1941|9|1397|46.3|86845|185|490|64|113|34|189|52|26|12|251|511|54|111|51|204|77|14|0|66.17%|757|757|2060|44|97.91%|2.09%|$245700.00|1981|0%
2010|44.02|1|220330044021|1499|1395|65|8|15|4|0|1487|12|911|30.8|101681|70|214|10|97|9|69|15|14|0|66|368|8|164|106|85|5|0|0|76.239999999999995%|389|389|1240|56|95.68%|4.32%|$164500.00|1986|0%
2010|44.02|2|220330044022|1863|1627|160|26|11|19|1|1844|19|1257|38.4|52877|168|475|34|218|52|154|0|6|11|416|479|85|82|115|101|69|27|0|58.18%|974|974|1974|374|84.07%|15.93%|$171300.00|1982|0%
2010|44.02|3|220330044023|2313|1832|403|13|15|4|0|2267|46|1417|30.6|55300|231|314|69|91|41|71|29|0|13|306|297|17|94|51|106|16|13|0|49.07%|870|796|1248|945|56.91%|43.09%|$168600.00|1986|8.51%
2010|44.03|1|220330044031|1682|1560|112|1|0|5|0|1678|4|1136|42.1|81250|215|302|8|130|0|102|40|22|0|260|320|11|116|72|90|31|0|0|56.14%|613|554|1333|0|100%|0%|$225500.00|1987|9.619999999999999%
2010|44.03|2|220330044032|1027|922|78|7|6|6|0|1019|8|671|40.799999999999997|67891|120|165|35|72|0|51|7|0|0|95|321|96|143|25|49|8|0|0|65.28%|383|383|1017|135|88.28%|11.72%|$247100.00|1982|0%
2010|44.03|3|220330044033|1187|1124|44|5|1|5|0|1179|8|870|45|91198|155|350|28|186|12|97|27|0|0|169|416|27|121|26|123|102|17|0|66.61%|587|587|1740|7|99.6%|0.4%|$147800.00|1978|0%
2010|44.03|4|220330044034|755|684|54|8|2|0|0|748|7|537|40.299999999999997|55323|63|148|53|37|0|36|12|10|0|116|89|38|9|28|10|4|0|0|49.4%|250|238|633|55|92.01%|7.99%|$148700.00|1974|4.8%
2010|44.03|5|220330044035|838|205|594|3|17|3|0|822|16|463|28.1|45488|27|109|0|86|0|23|0|0|0|49|127|25|16|43|43|0|0|0|64.31%|283|208|511|115|81.63%|18.37%|$117100.00|1973|26.5%
2010|45.03|1|220330045031|1640|621|869|49|50|6|0|1595|45|1075|34.6|51063|260|175|84|13|30|48|0|0|0|89|494|84|99|59|172|80|0|0|56.81%|657|579|1243|577|68.3%|31.7%|$131600.00|1976|11.87%
2010|45.03|2|220330045032|1268|811|351|11|75|1|0|1249|19|865|36.4|45819|192|162|0|34|0|98|9|0|21|202|192|0|129|0|18|45|0|0|46.82%|407|380|996|25|97.55%|2.45%|$132800.00|1966|6.63%
2010|45.03|3|220330045033|2148|1000|797|74|213|9|0|2093|55|1361|32.799999999999997|26905|251|405|19|248|19|77|42|0|0|189|253|9|93|30|93|28|0|0|47.72%|784|784|1050|1061|49.74%|50.26%|$128100.00|1974|0%
2010|45.03|4|220330045034|1469|327|872|161|79|5|0|1444|25|835|28.9|76250|120|392|9|206|5|127|24|0|21|115|465|0|196|0|213|37|19|0|74.11%|584|495|1100|818|57.35%|42.65%|$177400.00|1979|15.24%
2010|45.04|1|220330045041|1977|1315|371|126|100|6|0|1918|59|1357|39.299999999999997|46034|155|340|14|42|0|249|8|27|0|229|421|13|92|127|163|26|0|0|59.17%|858|858|1736|329|84.07%|15.93%|$135000.00|1995|0%
2010|45.04|2|220330045042|1915|1164|591|84|49|5|0|1893|22|1323|37.6|-999999|112|350|47|168|14|84|0|16|21|117|430|33|78|38|179|102|0|0|69.72%|843|735|1326|242|84.57%|15.43%|$165200.00|1985|12.81%
2010|45.04|3|220330045043|1985|1020|713|142|69|3|0|1947|38|1299|31.7|53690|161|402|9|61|82|171|79|0|0|186|351|20|69|94|121|47|0|0|59.87%|900|734|1309|309|80.900000000000006%|19.100000000000001%|$153700.00|1986|18.440000000000001%
2010|45.05|1|220330045051|2832|1738|733|204|82|18|0|2775|57|1695|31.9|98720|57|697|36|132|57|316|131|25|0|147|702|14|93|47|281|195|38|34|78.45%|1027|963|2273|853|72.709999999999994%|27.29%|$301000.00|2002|6.23%
2010|45.05|2|220330045052|2909|770|1922|69|74|11|0|2846|63|1450|24.9|27103|49|375|16|165|55|139|0|0|0|324|426|35|193|26|128|44|0|0|64.12%|1069|1069|882|1789|33.020000000000003%|66.98%|$133400.00|1996|0%
2010|45.05|3|220330045053|2179|1406|629|74|35|5|1|2150|29|1436|35.4|76154|110|725|19|225|37|368|57|0|19|254|563|32|220|34|179|81|17|0|76.8%|1126|1046|2021|509|79.88%|20.12%|$176300.00|1984|7.1%
2010|45.07|1|220330045071|763|654|62|33|5|0|0|754|9|560|43.8|80333|61|233|55|59|0|108|11|0|0|75|260|17|58|30|126|29|0|0|74.31%|380|380|752|77|90.71%|9.289999999999999%|$240500.00|1993|0%
2010|45.07|2|220330045072|2801|2160|494|67|35|13|1|2770|31|1860|34.200000000000003|73155|116|709|22|192|74|306|107|8|0|191|739|91|142|56|329|102|19|0|76.06%|1125|1125|1837|1171|61.07%|38.93%|$188600.00|1985|0%
2010|45.07|3|220330045073|1282|1112|112|35|3|1|0|1263|19|858|40.200000000000003|106835|35|394|29|100|4|188|54|8|11|88|381|23|73|22|172|80|11|0|85.7%|500|475|1408|38|97.37%|2.63%|$196700.00|1978|5%
2010|45.08|2|220330045082|1032|901|101|3|11|6|0|1022|10|649|39|113661|97|255|17|75|0|158|5|0|0|77|197|0|36|31|99|31|0|0|63.71%|363|363|982|0|100%|0%|$199700.00|1982|0%
2010|45.08|3|220330045083|2406|1898|333|96|16|8|5|2356|50|1555|34.1|-999999|181|591|15|120|43|202|164|47|0|134|664|44|138|36|205|241|0|0|74.400000000000006%|918|895|1790|716|71.430000000000007%|28.57%|$173500.00|1984|2.51%
2010|45.08|4|220330045084|2233|2076|91|42|2|5|0|2216|17|1481|44|142688|29|773|31|104|15|500|112|0|11|106|768|16|241|47|293|171|0|0|90.91%|828|828|2486|0|100%|0%|$271700.00|1991|0%
2010|45.09|1|220330045091|2140|1593|325|57|88|15|7|2085|55|1421|32.200000000000003|41833|192|448|71|197|15|80|16|54|15|263|521|49|210|60|102|100|0|0|65.349999999999994%|904|904|1804|579|75.7%|24.3%|$145000.00|1985|0%
2010|45.09|2|220330045092|2439|1394|933|27|41|10|0|2405|34|1587|34|69238|116|332|0|160|32|94|46|0|0|233|662|114|104|42|341|61|0|0|70.88%|859|809|1592|418|79.2%|20.8%|$162400.00|1983|5.82%
2010|45.09|3|220330045093|2316|1547|622|69|23|4|1|2266|50|1446|29.9|75167|55|459|46|91|19|220|69|0|14|202|443|17|111|27|182|106|0|0|72.95%|1094|908|1618|452|78.16%|21.84%|$163200.00|1992|17%
2010|45.1|1|220330045101|3168|2866|203|32|13|11|0|3125|43|2269|39.1|85223|212|1051|142|300|91|407|48|63|0|255|989|66|238|69|454|139|23|0|80.62%|1408|1365|3574|180|95.21%|4.79%|$247700.00|1997|3.05%
2010|45.1|2|220330045102|3709|3062|422|122|31|8|1|3646|63|2587|35.4|69590|243|850|90|133|52|410|107|18|40|347|866|134|217|0|404|61|0|50|70.38%|1659|1452|2646|770|77.459999999999994%|22.54%|$190600.00|1998|12.48%
2010|46.02|1|220330046021|1811|1241|520|10|6|4|0|1781|30|1161|36.6|77958|294|300|49|115|57|35|44|0|0|355|416|41|171|18|79|88|19|0|47.45%|665|665|2083|248|89.36%|10.64%|$265100.00|1997|0%
2010|46.02|2|220330046022|1497|685|770|2|6|6|1|1470|27|1000|40.4|46058|250|173|29|26|61|57|0|0|0|249|415|27|89|84|186|29|0|0|43.73%|615|597|1291|443|74.45%|25.55%|$103900.00|1975|2.93%
2010|46.02|3|220330046023|2371|1073|1222|14|16|3|0|2328|43|1508|36|37206|201|196|21|93|0|44|12|26|0|208|474|37|259|30|90|24|34|0|51.69%|929|836|1168|1035|53.02%|46.98%|$147200.00|1982|10.01%
2010|46.03|1|220330046031|946|255|674|2|2|0|0|933|13|582|32.200000000000003|28839|52|98|11|51|8|28|0|0|0|73|39|8|8|0|23|0|0|0|34.07%|177|134|366|121|75.150000000000006%|24.85%|$12500.00|1985|24.29%
2010|46.03|2|220330046032|1706|576|1092|13|8|1|0|1690|16|1013|32.4|64050|140|412|49|113|17|164|60|0|9|96|537|24|204|93|118|66|32|0|75.05%|775|729|1318|811|61.91%|38.090000000000003%|$168300.00|2001|5.94%
2010|46.03|3|220330046033|1884|1213|625|8|4|13|0|1863|21|1282|44|92434|173|539|44|205|11|176|76|27|0|260|393|47|67|40|177|44|8|10|61.55%|935|737|1964|150|92.9%|7.1%|$295600.00|1988|21.18%
2010|46.04|1|220330046041|1389|1131|220|2|4|3|0|1360|29|874|36.200000000000003|88384|164|192|24|49|12|107|0|0|0|153|215|12|88|41|26|48|0|0|54.6%|359|359|958|16|98.36%|1.64%|$233700.00|1983|0%
2010|46.04|2|220330046042|1768|1328|403|13|10|5|0|1759|9|1102|34.299999999999997|65833|143|310|47|118|25|120|0|0|0|241|386|36|135|43|143|29|0|0|63.68%|639|598|1430|343|80.650000000000006%|19.350000000000001%|$159500.00|1970|6.42%
2010|46.04|3|220330046043|1717|986|691|14|3|2|0|1696|21|1890|34.299999999999997|83542|102|852|42|275|54|272|94|44|71|132|1039|54|192|95|488|160|50|0|84.92%|1343|1197|3367|443|88.37%|11.63%|$219500.00|2001|10.87%
2010|46.04|4|220330046044|3029|2074|870|34|14|7|0|2999|30|1080|36|51544|61|204|28|81|9|69|17|0|0|149|336|41|88|17|100|28|62|0|66.63%|538|499|1159|119|90.69%|9.31%|$176600.00|1993|7.25%
2010|46.04|5|220330046045|1768|1328|403|13|10|5|0|1759|9|1890|32.700000000000003|75938|334|560|24|220|28|210|22|35|21|158|863|66|409|26|247|75|10|30|70.66%|1135|1096|3002|341|89.8%|10.199999999999999%|$197000.00|1989|3.44%
2010|47|1|220330047001|1430|1101|309|2|1|1|2|1416|14|975|40.5|-999999|169|374|42|169|15|148|0|0|0|223|336|43|53|54|51|135|0|0|62.59%|547|502|1793|109|94.27%|5.73%|$197100.00|1989|8.23%
2010|47|2|220330047002|1184|651|520|0|1|3|0|1175|9|815|42.4|68583|225|233|44|53|50|86|0|0|0|391|185|0|115|0|70|0|0|0|39.409999999999997%|598|523|1628|47|97.19%|2.81%|$97300.00|1983|12.54%
2010|47|3|220330047003|1900|1096|762|1|18|3|0|1880|20|1277|37.9|55368|248|100|43|13|15|0|29|0|0|242|262|59|116|0|56|16|0|15|29.66%|716|607|1387|212|86.74%|13.26%|$86700.00|1983|15.22%
2010|47|4|220330047004|1096|988|90|3|2|3|0|1086|10|752|42.2|66346|141|115|18|44|0|31|0|22|0|115|209|52|92|39|13|13|0|0|45.38%|388|370|842|371|69.41%|30.59%|$210800.00|1993|4.64%
2010|48|1|220330048001|1632|1416|102|76|13|7|1|1615|17|603|22.8|-999999|37|272|0|28|0|121|56|20|47|25|169|0|45|0|72|22|16|14|87.57%|920|778|404|1015|28.47%|71.53%|$453800.00|1984|15.43%
2010|48|2|220330048002|779|741|15|13|0|1|0|770|9|536|41.7|82321|0|204|0|0|0|56|27|90|31|58|170|0|0|0|80|72|18|0|87.28%|299|288|807|83|90.67%|9.33%|$298200.00|1962|3.68%
2010|48|3|220330048003|1321|1099|115|76|14|0|0|1304|17|787|31.2|55625|13|243|20|27|17|78|5|16|80|46|388|0|64|11|145|86|44|38|86.32%|647|566|287|716|28.61%|71.39%|$237500.00|1983|12.52%
2010|49|1|220330049001|897|777|71|34|5|2|0|889|8|510|27.5|42885|0|241|0|60|0|102|0|28|51|45|341|0|95|11|175|46|0|14|92.84%|432|432|695|335|67.48%|32.520000000000003%|$420700.00|1968|0%
2010|49|2|220330049002|698|655|13|13|12|0|1|694|4|444|34.799999999999997|47386|0|184|0|16|33|58|52|25|0|0|203|0|27|12|138|9|17|0|90.41%|318|287|469|210|69.069999999999993%|30.93%|$364500.00|1981|9.75%
2010|49|3|220330049003|1971|1770|44|128|6|0|0|1948|23|1362|46.4|96337|152|693|0|27|16|431|33|101|85|34|695|0|125|17|223|184|91|55|85.13%|899|860|1932|175|91.69%|8.31%|$278600.00|1978|4.34%
2010|49|4|220330049004|1107|937|54|77|10|5|0|1083|24|840|47.7|65313|64|208|13|76|0|71|31|0|17|68|239|18|32|30|109|13|18|19|77.16%|398|336|556|225|71.19%|28.81%|$222200.00|1976|15.58%
2010|50|1|220330050001|1562|1406|80|48|10|0|5|1549|13|1205|53.3|20172|32|429|21|54|9|132|105|34|74|43|500|33|136|17|112|166|28|8|90.98%|600|589|1227|68|94.75%|5.25%|$251000.00|1975|1.83%
2010|50|2|220330050002|943|880|37|18|2|2|1|940|3|673|44.3|21172|104|333|33|31|16|116|73|31|33|79|480|26|16|6|270|125|14|23|79.930000000000007%|430|416|1058|248|81.010000000000005%|18.989999999999998%|$225000.00|1976|3.26%
2010|50|3|220330050003|698|585|79|22|0|1|1|688|10|506|45.3|68507|30|169|10|12|5|48|45|0|49|18|228|8|43|0|128|31|0|18|86.77%|276|255|584|102|85.13%|14.87%|$234400.00|1964|7.61%
2010|51|1|220330051001|699|120|570|4|0|1|0|695|4|429|29.4|61071|61|68|8|9|0|34|9|5|3|10|125|24|48|0|41|12|0|0|54.61%|325|214|308|260|54.23%|45.77%|$63000.00|1962|34.15%
2010|51|2|220330051002|1047|788|213|10|10|2|0|1023|24|784|37.6|27101|54|425|88|57|34|129|52|45|20|35|281|9|93|4|92|69|10|4|81.510000000000005%|875|825|93|1174|7.34%|92.66%|$221600.00|1956|5.71%
2010|51|3|220330051003|1198|20|1169|6|0|0|0|1195|3|719|30.9|23375|33|78|35|3|21|0|19|0|0|188|98|37|41|15|5|0|0|0|33.090000000000003%|429|381|631|334|65.39%|34.61%|$75200.00|1955|11.19%
2010|52|1|220330052001|925|21|885|2|6|1|0|915|10|564|34.799999999999997|25300|56|72|0|29|7|31|5|0|0|184|158|26|85|28|14|5|0|0|35.659999999999997%|398|336|621|387|61.61%|38.39%|$59800.00|1952|15.58%
2010|52|2|220330052002|1021|401|588|0|6|2|0|997|24|643|30.5|38359|99|154|0|35|7|76|20|5|11|100|208|15|99|5|65|13|11|0|56.27%|547|439|546|647|45.77%|54.23%|$136300.00|1942|19.739999999999998%
2010|53|1|220330053001|733|22|697|5|3|0|0|727|6|469|35.6|33882|43|114|0|17|29|50|5|0|13|76|85|0|50|0|15|11|0|9|44.26%|300|253|301|300|50.08%|49.92%|$85600.00|1957|15.67%
2010|53|2|220330053002|1034|319|687|6|4|5|0|1021|13|672|33.200000000000003|42500|49|267|9|56|0|101|70|0|31|105|226|8|95|8|48|19|9|39|67.87%|584|460|466|527|46.93%|53.07%|$65700.00|1942|21.23%
2010|53|3|220330053003|1309|224|1048|24|1|5|1|1303|6|856|36.1|19265|151|178|12|65|43|6|9|43|0|97|132|14|73|15|28|2|0|0|42.08%|493|292|235|463|33.67%|66.33%|$100900.00|1950|40.770000000000003%